x = [80.07; 48.07; 52.40; 32.01];
ms = [51.69; 12.82; 43.54; 38.86];
me = [71.51; 20.75; 64.11; 50.77];
mh = [47.64; 17.40; 35.46; 30.24];

ds = sqrt((ms - x)' * (ms - x));
de = sqrt((me - x)' * (me - x));
dh = sqrt((mh - x)' * (mh - x));

distances = [ds ds dh]